time,open,high,low,close,volume,VWAP,5SMA,8SMA,13SMA,12EMA,26EMA,MACD,MACDS,RSI
09:00,2592.440,2594.000,2592.320,2592.500,3047,2608.847,2596.112,2596.940,2599.921,2598.020,2600.259,-2.239,-1.405,33.034
09:01,2590.120,2594.210,2589.000,2589.020,6404,2608.164,2594.296,2595.935,2598.692,2596.635,2599.427,-2.791,-1.682,28.838
09:02,2588.000,2590.920,2588.000,2590.920,1245,2608.031,2592.684,2594.938,2597.518,2595.756,2598.797,-3.041,-1.954,33.783
09:03,2590.920,2590.920,2590.920,2590.920,0,2608.031,2591.072,2593.927,2596.303,2595.012,2598.213,-3.201,-2.203,33.783
09:04,2590.920,2590.920,2590.920,2590.920,0,2608.031,2590.856,2593.030,2595.177,2594.383,2597.673,-3.290,-2.421,33.783
09:05,2593.100,2593.100,2593.000,2593.000,1930,2607.863,2590.956,2592.283,2594.638,2594.170,2597.327,-3.157,-2.568,39.528
09:06,2591.000,2591.000,2591.000,2591.000,1904,2607.680,2591.352,2591.285,2594.172,2593.682,2596.858,-3.176,-2.690,36.270
09:07,2591.500,2591.500,2588.520,2588.520,2022,2607.472,2590.872,2590.850,2593.374,2592.888,2596.241,-3.353,-2.822,32.673
09:08,2587.000,2587.000,2586.000,2586.000,3283,2607.086,2589.888,2590.037,2592.374,2591.828,2595.482,-3.654,-2.988,29.474
09:09,2586.000,2586.000,2586.000,2586.000,0,2607.086,2588.904,2589.660,2591.443,2590.932,2594.780,-3.848,-3.160,29.474
09:10,2588.880,2590.000,2586.140,2586.140,5580,2606.495,2587.532,2589.062,2590.455,2590.194,2594.140,-3.945,-3.317,29.916
09:11,2590.980,2591.000,2590.980,2591.000,1740,2606.351,2587.532,2589.073,2589.842,2590.318,2593.907,-3.589,-3.372,43.221
09:12,2591.000,2592.000,2591.000,2591.100,3073,2606.109,2588.048,2589.095,2589.772,2590.439,2593.699,-3.260,-3.349,43.459
09:13,2592.980,2593.000,2591.280,2591.280,1912,2605.967,2589.104,2588.880,2589.678,2590.568,2593.520,-2.952,-3.270,43.915
09:14,2591.280,2591.280,2591.280,2591.280,0,2605.967,2590.160,2588.915,2589.852,2590.678,2593.354,-2.676,-3.151,43.915
09:15,2589.900,2589.900,2589.900,2589.900,1330,2605.857,2590.912,2589.088,2589.774,2590.558,2593.098,-2.540,-3.029,40.980
09:16,2587.300,2587.300,2584.400,2585.320,4725,2605.376,2589.776,2589.003,2589.343,2589.752,2592.522,-2.770,-2.977,33.078
09:17,2585.000,2585.000,2582.000,2582.000,3667,2604.969,2587.956,2588.503,2588.657,2588.559,2591.743,-3.183,-3.018,28.750
09:18,2582.000,2582.000,2582.000,2582.000,0,2604.969,2586.100,2587.985,2587.811,2587.550,2591.021,-3.471,-3.109,28.750
09:19,2585.070,2587.000,2583.040,2587.000,2956,2604.691,2585.244,2587.485,2587.503,2587.466,2590.723,-3.257,-3.139,42.003
09:20,2585.400,2585.400,2585.400,2585.400,1778,2604.525,2584.344,2586.773,2587.263,2587.148,2590.329,-3.181,-3.147,39.473
09:21,2591.000,2591.000,2591.000,2591.000,1740,2604.412,2585.480,2586.738,2587.648,2587.741,2590.378,-2.638,-3.045,50.673
09:22,2589.120,2591.000,2589.110,2591.000,2388,2604.253,2587.280,2586.703,2588.032,2588.242,2590.425,-2.183,-2.873,50.673
09:23,2591.350,2592.980,2588.500,2590.000,6337,2603.852,2588.880,2586.715,2588.329,2588.512,2590.393,-1.881,-2.674,48.803
09:24,2590.920,2592.600,2588.000,2588.000,6295,2603.449,2589.080,2587.050,2588.098,2588.434,2590.216,-1.782,-2.496,45.209
09:25,2593.660,2600.000,2591.050,2595.000,8415,2603.155,2591.000,2588.675,2588.398,2589.444,2590.570,-1.126,-2.222,57.113
09:26,2594.960,2596.270,2593.380,2596.270,7995,2602.893,2592.054,2590.459,2588.782,2590.494,2590.992,-0.498,-1.877,58.859
09:27,2596.780,2599.890,2596.780,2599.650,4834,2602.812,2593.784,2592.040,2589.426,2591.903,2591.634,0.269,-1.448,63.159
09:28,2597.290,2597.290,2594.470,2594.470,4834,2602.668,2594.678,2593.174,2589.778,2592.298,2591.844,0.454,-1.068,53.867
09:29,2593.000,2598.800,2592.000,2596.020,6287,2602.495,2596.282,2593.801,2590.601,2592.870,2592.153,0.717,-0.711,55.955
09:30,2596.980,2602.560,2566.045,2567.200,353440,2578.602,2590.722,2590.826,2589.462,2588.921,2590.305,-1.384,-0.845,29.353
09:31,2568.710,2577.740,2557.000,2558.000,125853,2574.832,2583.068,2586.826,2587.616,2584.164,2587.912,-3.748,-1.426,25.229
09:32,2559.480,2590.150,2555.400,2581.600,126088,2575.017,2579.458,2586.026,2587.201,2583.769,2587.444,-3.675,-1.876,46.134
09:33,2584.600,2598.970,2581.655,2587.720,125649,2577.497,2578.108,2585.116,2587.379,2584.377,2587.465,-3.087,-2.118,50.035
09:34,2587.690,2609.000,2585.000,2598.680,115399,2580.232,2578.640,2585.418,2587.970,2586.578,2588.295,-1.718,-2.038,56.159
09:35,2598.950,2615.220,2590.450,2592.060,122775,2582.641,2583.612,2584.469,2588.052,2587.421,2588.574,-1.153,-1.861,52.012
09:36,2590.460,2591.790,2565.990,2571.215,127786,2581.906,2586.255,2581.562,2586.607,2584.928,2587.288,-2.361,-1.961,41.597
09:37,2570.525,2583.030,2560.000,2568.350,106277,2580.895,2583.605,2578.103,2585.095,2582.377,2585.886,-3.508,-2.270,40.400
09:38,2570.000,2574.000,2559.000,2562.880,69694,2580.041,2578.637,2577.563,2582.624,2579.378,2584.181,-4.804,-2.777,38.142
09:39,2562.237,2578.000,2562.237,2569.200,71632,2579.496,2572.741,2578.963,2580.542,2577.812,2583.072,-5.260,-3.274,42.164
09:40,2570.270,2577.230,2565.000,2565.800,71685,2578.982,2567.489,2576.988,2577.938,2575.964,2581.792,-5.828,-3.785,40.633
09:41,2565.010,2575.000,2564.517,2566.000,76244,2578.447,2566.446,2574.273,2575.748,2574.431,2580.623,-6.191,-4.266,40.769
09:42,2566.570,2578.000,2563.010,2567.100,66965,2578.057,2566.196,2570.326,2573.523,2573.303,2579.621,-6.318,-4.676,41.563
09:43,2566.090,2567.110,2556.000,2561.885,85245,2577.207,2565.997,2566.554,2573.115,2571.547,2578.307,-6.761,-5.093,38.901
09:44,2561.945,2562.440,2551.120,2551.995,74973,2576.247,2562.556,2564.151,2572.653,2568.539,2576.358,-7.819,-5.638,34.400
09:45,2551.830,2553.190,2540.000,2544.840,140555,2573.963,2558.364,2561.213,2569.825,2564.893,2574.023,-9.131,-6.337,31.556
09:46,2543.710,2543.710,2530.000,2530.050,79886,2572.341,2551.174,2557.109,2565.389,2559.532,2570.766,-11.234,-7.316,26.650
09:47,2530.000,2535.000,2525.000,2529.450,97633,2570.304,2543.644,2552.140,2560.063,2554.904,2567.706,-12.801,-8.413,26.471
09:48,2527.930,2531.520,2525.000,2525.500,92946,2568.430,2536.367,2547.103,2554.943,2550.381,2564.579,-14.199,-9.570,25.263
09:49,2525.270,2530.840,2521.000,2528.110,72895,2567.048,2531.590,2542.366,2551.628,2546.954,2561.878,-14.924,-10.641,27.614
09:50,2528.600,2537.475,2525.000,2536.300,77611,2565.887,2529.882,2538.516,2549.162,2545.315,2559.983,-14.668,-11.446,34.569
09:51,2535.780,2540.000,2533.465,2533.465,98696,2564.633,2530.565,2534.964,2546.900,2543.492,2558.019,-14.527,-12.063,33.374
09:52,2534.670,2534.670,2528.218,2528.580,70678,2563.648,2530.391,2532.037,2543.775,2541.198,2555.838,-14.640,-12.578,31.361
09:53,2529.960,2534.380,2521.050,2529.269,67300,2562.701,2531.145,2530.091,2540.965,2539.363,2553.870,-14.507,-12.964,31.984
09:54,2527.770,2528.620,2522.000,2524.150,59374,2561.831,2530.353,2529.353,2537.746,2537.022,2551.669,-14.646,-13.300,29.819
09:55,2524.780,2531.310,2524.780,2529.040,73058,2560.909,2528.901,2529.302,2534.818,2535.794,2549.992,-14.198,-13.480,34.388
09:56,2529.085,2541.761,2529.085,2540.850,64154,2560.349,2530.378,2531.220,2533.200,2536.572,2549.315,-12.743,-13.333,43.891
09:57,2541.005,2549.940,2539.130,2541.235,97192,2559.765,2532.909,2532.861,2532.372,2537.289,2548.717,-11.427,-12.952,44.175
09:58,2541.235,2543.649,2539.400,2542.410,55283,2559.418,2535.537,2533.625,2532.185,2538.077,2548.250,-10.172,-12.396,45.088
09:59,2542.663,2550.860,2542.663,2543.350,75488,2559.065,2539.377,2534.860,2533.208,2538.888,2547.887,-8.998,-11.716,45.851
10:00,2543.350,2544.400,2533.020,2536.240,63178,2558.619,2540.817,2535.818,2533.731,2538.481,2547.024,-8.543,-11.082,41.189
10:01,2535.505,2536.230,2531.720,2534.867,36528,2558.327,2539.620,2536.518,2534.451,2537.925,2546.123,-8.198,-10.505,40.336
10:02,2534.760,2540.984,2526.380,2526.860,46957,2557.918,2536.745,2536.857,2534.355,2536.223,2544.696,-8.474,-10.099,35.694
10:03,2526.830,2536.950,2525.000,2530.230,43917,2557.537,2534.309,2537.005,2533.888,2535.301,2543.625,-8.324,-9.744,38.882
10:04,2529.680,2540.000,2529.092,2537.325,34478,2557.297,2533.104,2536.565,2534.185,2535.612,2543.158,-7.546,-9.304,45.058
10:05,2537.735,2537.800,2530.010,2531.310,35657,2557.027,2532.118,2535.324,2534.395,2534.950,2542.281,-7.330,-8.909,41.252
10:06,2532.290,2532.923,2525.010,2526.120,52693,2556.557,2530.369,2533.288,2534.153,2533.592,2541.084,-7.492,-8.626,38.250
10:07,2525.090,2528.400,2525.010,2526.430,49695,2556.107,2530.283,2531.173,2534.328,2532.490,2539.998,-7.508,-8.402,38.538
10:08,2527.920,2536.785,2525.790,2535.646,48996,2555.766,2531.366,2531.098,2534.836,2532.975,2539.676,-6.700,-8.062,46.515
10:09,2537.105,2546.505,2535.705,2545.060,50222,2555.569,2532.913,2532.373,2535.160,2534.835,2540.074,-5.240,-7.498,53.199
10:10,2546.210,2559.000,2544.340,2544.340,102014,2555.384,2535.519,2534.558,2535.399,2536.297,2540.390,-4.093,-6.817,52.657
10:11,2544.467,2547.400,2540.240,2545.000,37271,2555.267,2539.295,2536.404,2535.598,2537.636,2540.732,-3.096,-6.073,53.128
10:12,2546.363,2554.317,2542.670,2550.747,49224,2555.184,2544.159,2538.082,2536.167,2539.653,2541.474,-1.821,-5.222,57.131
10:13,2551.380,2551.800,2542.570,2543.410,39042,2555.085,2545.711,2539.594,2536.719,2540.231,2541.617,-1.386,-4.455,51.128
10:14,2544.300,2554.990,2544.300,2549.250,38240,2555.027,2546.550,2542.485,2537.825,2541.619,2542.183,-0.564,-3.677,55.166
10:15,2549.670,2559.955,2547.840,2548.795,60223,2554.981,2547.440,2545.281,2539.513,2542.723,2542.672,0.050,-2.931,54.786
10:16,2549.110,2549.110,2534.111,2535.385,51361,2554.771,2545.517,2545.248,2539.909,2541.594,2542.133,-0.539,-2.453,44.962
10:17,2535.635,2545.000,2534.010,2542.225,50086,2554.584,2543.813,2544.894,2540.286,2541.691,2542.139,-0.449,-2.052,49.897
10:18,2543.607,2545.400,2538.056,2538.111,25881,2554.489,2542.753,2544.115,2540.809,2541.140,2541.841,-0.701,-1.782,47.158
10:19,2538.520,2551.220,2537.000,2547.710,32256,2554.413,2542.445,2544.454,2542.470,2542.151,2542.276,-0.125,-1.450,53.563
10:20,2548.560,2551.990,2543.630,2546.270,24807,2554.368,2541.940,2543.894,2543.996,2542.785,2542.572,0.213,-1.118,52.534
10:21,2546.655,2555.000,2543.658,2555.000,31682,2554.343,2545.863,2545.343,2545.485,2544.664,2543.492,1.172,-0.660,57.823
10:22,2555.000,2558.108,2545.001,2545.470,39784,2554.295,2546.512,2544.871,2545.516,2544.788,2543.639,1.149,-0.298,51.126
10:23,2546.050,2550.990,2542.315,2546.220,29263,2554.238,2548.134,2544.549,2545.661,2545.008,2543.830,1.178,-0.003,51.601
10:24,2546.090,2555.990,2543.040,2554.730,30524,2554.216,2549.538,2546.967,2546.409,2546.504,2544.637,1.867,0.371,56.740
10:25,2553.125,2554.810,2542.760,2546.600,28224,2554.173,2549.604,2547.514,2546.090,2546.519,2544.783,1.736,0.644,51.152
10:26,2550.285,2550.580,2547.510,2549.000,26257,2554.140,2548.404,2548.875,2546.520,2546.900,2545.095,1.805,0.876,52.635
10:27,2549.005,2549.710,2545.000,2545.000,23129,2554.098,2548.310,2548.536,2546.194,2546.608,2545.088,1.520,1.005,49.915
10:28,2545.255,2551.460,2543.900,2551.460,35031,2554.054,2549.358,2549.185,2546.399,2547.354,2545.560,1.794,1.163,54.045
10:29,2551.930,2554.580,2548.244,2553.305,22621,2554.043,2549.073,2548.973,2547.777,2548.270,2546.134,2.136,1.358,55.182
10:30,2552.980,2554.600,2550.890,2552.900,18916,2554.038,2550.333,2549.902,2548.598,2548.982,2546.635,2.347,1.555,54.861
10:31,2552.250,2552.670,2547.640,2550.650,25576,2554.015,2550.663,2550.456,2549.563,2549.239,2546.932,2.306,1.706,53.017
10:32,2552.000,2554.030,2550.400,2553.810,18666,2554.010,2552.425,2550.341,2550.032,2549.942,2547.442,2.500,1.865,55.290
10:33,2552.970,2553.255,2548.010,2548.720,26492,2553.985,2551.877,2550.606,2550.220,2549.754,2547.537,2.218,1.935,51.010
10:34,2549.060,2550.910,2547.000,2547.600,16198,2553.964,2550.736,2550.431,2549.651,2549.423,2547.541,1.881,1.924,50.091
10:35,2547.100,2547.920,2540.000,2540.030,49194,2553.836,2548.162,2549.809,2549.233,2547.978,2546.985,0.993,1.738,44.284
10:36,2540.930,2540.930,2536.490,2536.490,25689,2553.742,2545.330,2547.938,2548.484,2546.210,2546.207,0.003,1.391,41.841
10:37,2536.115,2536.240,2535.130,2535.294,26975,2553.630,2541.627,2545.687,2546.989,2544.531,2545.399,-0.868,0.939,41.018
10:38,2535.635,2540.870,2535.512,2539.640,32282,2553.521,2539.811,2544.029,2546.454,2543.778,2544.972,-1.194,0.513,45.234
10:39,2539.438,2539.975,2535.330,2535.330,17297,2553.456,2537.357,2542.114,2545.402,2542.479,2544.258,-1.779,0.054,42.026
10:40,2535.180,2538.730,2535.180,2538.430,17829,2553.392,2537.037,2540.192,2544.897,2541.856,2543.826,-1.971,-0.351,45.045
10:41,2536.000,2537.900,2535.000,2535.000,33093,2553.264,2536.739,2538.477,2543.631,2540.801,2543.173,-2.372,-0.755,42.413
10:42,2535.000,2535.190,2530.210,2531.840,34508,2553.105,2536.048,2536.507,2541.980,2539.422,2542.333,-2.911,-1.186,40.089
10:43,2531.830,2536.830,2530.360,2535.660,33569,2552.966,2535.252,2535.961,2540.653,2538.844,2541.839,-2.995,-1.548,44.078
10:44,2536.590,2537.840,2533.110,2533.110,21688,2552.880,2534.808,2535.538,2539.304,2537.962,2541.192,-3.231,-1.885,42.065
10:45,2533.000,2535.049,2532.040,2534.805,23497,2552.783,2534.083,2535.477,2537.842,2537.476,2540.719,-3.243,-2.156,43.899
10:46,2534.295,2534.295,2528.570,2528.967,42248,2552.581,2532.876,2534.143,2536.323,2536.167,2539.849,-3.682,-2.461,39.285
10:47,2528.750,2535.965,2528.750,2534.044,21442,2552.491,2533.317,2533.982,2535.280,2535.840,2539.419,-3.578,-2.685,44.726
10:48,2534.600,2535.450,2532.065,2533.063,18111,2552.418,2532.798,2533.311,2534.744,2535.413,2538.948,-3.535,-2.855,43.907
10:49,2532.715,2532.790,2530.012,2530.410,12779,2552.360,2532.258,2532.737,2534.276,2534.643,2538.315,-3.672,-3.018,41.685
10:50,2530.010,2536.180,2530.010,2535.485,25352,2552.261,2532.394,2533.193,2534.291,2534.773,2538.106,-3.333,-3.081,47.192
10:51,2535.490,2535.970,2530.190,2531.340,26882,2552.149,2532.868,2532.653,2533.653,2534.245,2537.605,-3.360,-3.137,43.572
10:52,2531.590,2535.000,2530.040,2534.208,16539,2552.083,2532.901,2532.790,2533.566,2534.239,2537.353,-3.114,-3.132,46.623
10:53,2533.600,2534.830,2532.730,2532.730,20589,2552.002,2532.835,2532.531,2533.128,2534.007,2537.011,-3.004,-3.107,45.265
10:54,2533.195,2538.000,2531.830,2535.370,24916,2551.915,2533.827,2533.331,2533.156,2534.217,2536.889,-2.672,-3.020,48.169
10:55,2535.584,2544.980,2535.584,2541.935,36490,2551.831,2535.117,2534.318,2533.933,2535.404,2537.263,-1.859,-2.788,54.617
10:56,2542.170,2542.363,2534.490,2534.980,20304,2551.771,2535.845,2534.557,2533.881,2535.339,2537.094,-1.755,-2.581,47.828
10:57,2535.193,2538.000,2534.080,2538.000,19992,2551.709,2536.603,2535.506,2534.257,2535.748,2537.161,-1.413,-2.347,50.694
10:58,2540.510,2541.170,2537.510,2537.510,24729,2551.644,2537.559,2535.759,2534.465,2536.019,2537.187,-1.167,-2.111,50.212
10:59,2537.560,2541.900,2536.505,2541.685,15487,2551.607,2538.822,2537.052,2535.443,2536.891,2537.520,-0.629,-1.815,54.207
11:00,2541.080,2543.220,2540.000,2540.000,15612,2551.574,2538.435,2537.776,2535.901,2537.369,2537.704,-0.334,-1.519,52.380
11:01,2540.955,2542.170,2539.710,2540.565,11426,2551.549,2539.552,2538.756,2536.478,2537.861,2537.916,-0.055,-1.226,52.953
11:02,2539.720,2543.000,2538.975,2539.570,21088,2551.502,2539.866,2539.281,2537.183,2538.124,2538.038,0.086,-0.964,51.772
11:03,2540.371,2543.500,2539.510,2542.950,17457,2551.469,2540.954,2539.408,2537.757,2538.866,2538.402,0.464,-0.678,55.409
11:04,2542.270,2550.000,2541.145,2548.980,34030,2551.437,2542.413,2541.157,2539.114,2540.422,2539.186,1.237,-0.295,61.051
11:05,2548.950,2558.000,2548.950,2557.560,71231,2551.484,2545.925,2543.602,2540.910,2543.059,2540.547,2.512,0.266,67.377
11:06,2557.173,2557.173,2548.440,2551.250,40170,2551.491,2548.062,2545.320,2542.335,2544.319,2541.339,2.980,0.809,59.698
11:07,2549.370,2555.235,2548.895,2549.675,24010,2551.490,2550.083,2546.319,2543.435,2545.143,2541.957,3.186,1.284,57.923
11:08,2548.995,2548.995,2539.900,2541.287,28542,2551.445,2549.750,2546.480,2543.386,2544.550,2541.907,2.643,1.556,49.487
11:09,2541.340,2543.956,2540.000,2540.245,21543,2551.404,2548.003,2546.440,2543.791,2543.888,2541.784,2.103,1.666,48.541
11:10,2540.490,2542.120,2539.290,2540.660,19841,2551.363,2544.623,2546.576,2543.995,2543.391,2541.701,1.690,1.670,48.960
11:11,2541.000,2543.450,2539.350,2542.015,20057,2551.326,2542.776,2546.459,2544.342,2543.179,2541.724,1.455,1.627,50.378
11:12,2542.805,2542.805,2540.000,2540.507,22698,2551.282,2540.943,2545.400,2544.251,2542.768,2541.634,1.134,1.529,48.755
11:13,2540.000,2543.620,2540.000,2541.300,14716,2551.255,2540.945,2543.367,2544.351,2542.542,2541.609,0.933,1.410,49.673
11:14,2540.510,2547.320,2539.400,2545.995,23141,2551.224,2542.095,2542.711,2544.769,2543.074,2541.934,1.139,1.356,54.836
11:15,2544.160,2544.190,2540.010,2541.720,17105,2551.195,2542.307,2541.716,2544.934,2542.865,2541.918,0.947,1.274,49.824
11:16,2542.260,2544.320,2541.990,2543.000,17180,2551.169,2542.504,2541.930,2544.938,2542.886,2541.998,0.888,1.197,51.260
11:17,2543.460,2544.675,2542.000,2544.675,13673,2551.150,2543.338,2542.484,2544.607,2543.161,2542.197,0.965,1.150,53.151
11:18,2543.856,2546.030,2543.470,2546.030,14462,2551.134,2544.284,2543.155,2543.720,2543.603,2542.481,1.122,1.145,54.682
11:19,2545.441,2546.931,2543.100,2544.000,19815,2551.110,2543.885,2543.403,2543.162,2543.664,2542.593,1.071,1.130,51.943
11:20,2544.260,2544.880,2541.150,2541.490,19375,2551.079,2543.839,2543.526,2542.533,2543.329,2542.511,0.818,1.067,48.695
11:21,2540.550,2541.610,2540.000,2540.980,26984,2551.029,2543.435,2543.486,2542.509,2542.968,2542.398,0.570,0.968,48.038
11:22,2541.110,2541.110,2538.040,2539.700,25623,2550.975,2542.440,2542.699,2542.467,2542.465,2542.198,0.267,0.828,46.347
11:23,2540.360,2540.360,2535.215,2538.695,26262,2550.914,2540.973,2542.321,2542.316,2541.885,2541.939,-0.054,0.651,45.008
11:24,2538.765,2539.250,2533.210,2534.665,41001,2550.801,2539.106,2541.279,2541.751,2540.774,2541.400,-0.626,0.396,40.014
11:25,2533.177,2536.085,2533.100,2533.100,27579,2550.718,2537.428,2539.832,2541.181,2539.594,2540.785,-1.191,0.079,38.239
11:26,2533.000,2533.000,2530.000,2532.080,30824,2550.613,2535.648,2538.089,2540.472,2538.438,2540.140,-1.703,-0.278,37.085
11:27,2532.070,2534.580,2530.680,2533.450,15418,2550.565,2534.398,2536.770,2539.507,2537.670,2539.645,-1.974,-0.617,39.717
11:28,2533.440,2536.162,2533.071,2535.185,23699,2550.498,2533.696,2535.982,2539.004,2537.288,2539.314,-2.026,-0.899,42.971
11:29,2537.846,2540.440,2533.520,2539.670,22554,2550.448,2534.697,2535.818,2538.748,2537.654,2539.341,-1.686,-1.056,50.421
11:30,2538.810,2543.000,2535.828,2540.000,24919,2550.401,2536.077,2535.856,2538.388,2538.015,2539.390,-1.374,-1.120,50.929
11:31,2540.080,2540.520,2535.500,2536.001,12835,2550.371,2536.861,2535.519,2537.617,2537.705,2539.139,-1.433,-1.183,44.923
11:32,2538.181,2538.181,2535.310,2535.546,12420,2550.341,2537.280,2535.629,2536.966,2537.373,2538.872,-1.499,-1.246,44.282
11:33,2535.630,2540.890,2533.890,2535.310,34860,2550.258,2537.305,2535.905,2536.491,2537.056,2538.608,-1.553,-1.307,43.933
11:34,2534.945,2535.890,2530.800,2531.520,22336,2550.190,2535.675,2535.835,2535.763,2536.204,2538.083,-1.879,-1.422,38.656
11:35,2531.510,2538.700,2530.790,2535.275,15655,2550.148,2534.730,2536.063,2535.423,2536.061,2537.875,-1.814,-1.500,45.625
11:36,2535.210,2535.210,2530.830,2531.590,14514,2550.104,2533.848,2535.614,2534.876,2535.373,2537.410,-2.037,-1.607,40.734
11:37,2530.830,2532.760,2530.830,2531.765,17048,2550.051,2533.092,2534.626,2534.653,2534.818,2536.992,-2.174,-1.721,41.057
11:38,2532.065,2532.310,2528.030,2530.000,32624,2549.939,2532.030,2533.376,2534.415,2534.077,2536.474,-2.397,-1.856,38.762
11:39,2529.270,2529.880,2528.230,2528.540,19480,2549.869,2531.434,2532.443,2534.142,2533.225,2535.886,-2.661,-2.017,36.923
11:40,2528.940,2531.800,2528.000,2531.800,22674,2549.795,2530.739,2531.975,2534.016,2533.006,2535.583,-2.578,-2.129,43.382
11:41,2531.800,2537.550,2530.110,2534.980,24952,2549.729,2531.417,2531.934,2534.000,2533.310,2535.539,-2.229,-2.149,48.881
11:42,2536.950,2537.190,2530.010,2533.071,18006,2549.680,2531.678,2532.128,2533.492,2533.273,2535.356,-2.083,-2.136,45.994
11:43,2533.345,2533.345,2531.030,2531.060,9048,2549.652,2531.890,2531.601,2532.804,2532.932,2535.038,-2.105,-2.130,43.104
11:44,2531.110,2532.470,2530.570,2531.000,15605,2549.604,2532.382,2531.527,2532.420,2532.635,2534.739,-2.103,-2.124,43.017
11:45,2530.500,2533.170,2530.140,2532.050,17457,2549.552,2532.432,2531.563,2532.151,2532.545,2534.539,-1.994,-2.098,45.101
11:46,2533.750,2535.930,2532.000,2532.060,17052,2549.506,2531.848,2531.820,2531.901,2532.470,2534.356,-1.885,-2.056,45.122
11:47,2531.285,2533.165,2529.072,2531.360,26956,2549.424,2531.506,2532.173,2531.889,2532.300,2534.134,-1.834,-2.012,43.881
11:48,2532.530,2534.040,2531.050,2531.551,11744,2549.390,2531.604,2532.142,2531.602,2532.184,2533.943,-1.758,-1.961,44.331
11:49,2531.040,2533.356,2531.040,2532.000,14754,2549.348,2531.804,2531.769,2531.634,2532.156,2533.799,-1.643,-1.897,45.438
11:50,2532.347,2532.450,2531.000,2532.075,14991,2549.305,2531.809,2531.645,2531.657,2532.144,2533.671,-1.527,-1.823,45.632
11:51,2532.000,2533.038,2531.000,2531.500,7319,2549.284,2531.697,2531.700,2531.773,2532.045,2533.510,-1.466,-1.752,44.328
11:52,2533.520,2533.520,2526.000,2526.985,30808,2549.181,2530.822,2531.198,2531.653,2531.266,2533.027,-1.761,-1.753,35.699
11:53,2525.750,2531.910,2525.261,2530.040,15149,2549.131,2530.520,2530.946,2531.518,2531.078,2532.806,-1.728,-1.748,43.687
11:54,2529.960,2534.385,2529.960,2534.030,14042,2549.093,2530.926,2531.193,2531.445,2531.532,2532.896,-1.365,-1.672,52.063
11:55,2535.000,2536.850,2530.000,2530.000,17416,2549.045,2530.511,2531.023,2531.209,2531.296,2532.682,-1.386,-1.614,44.813
11:56,2531.520,2532.680,2529.440,2532.300,21321,2548.985,2530.671,2531.116,2531.304,2531.451,2532.653,-1.203,-1.532,49.163
11:57,2532.363,2533.210,2529.660,2530.885,9399,2548.958,2531.451,2530.977,2531.295,2531.364,2532.522,-1.159,-1.457,46.723
11:58,2531.010,2531.890,2530.289,2530.985,8750,2548.932,2531.640,2530.841,2531.213,2531.305,2532.409,-1.103,-1.387,46.924
11:59,2530.345,2530.690,2528.030,2529.505,18448,2548.874,2530.735,2530.591,2531.017,2531.028,2532.193,-1.165,-1.342,44.268
12:00,2528.500,2529.570,2527.665,2527.665,15437,2548.823,2530.268,2530.676,2530.732,2530.511,2531.858,-1.347,-1.343,41.150
12:01,2527.490,2528.030,2526.050,2527.340,15066,2548.771,2529.276,2530.339,2530.408,2530.023,2531.523,-1.500,-1.375,40.606
12:02,2526.885,2526.885,2525.000,2525.210,36665,2548.636,2528.141,2529.236,2529.886,2529.283,2531.056,-1.773,-1.454,37.140
12:03,2525.500,2526.000,2521.310,2522.010,51481,2548.428,2526.346,2528.237,2529.112,2528.164,2530.386,-2.222,-1.608,32.634
12:04,2521.755,2522.360,2518.010,2519.110,62398,2548.148,2524.267,2526.589,2528.159,2526.771,2529.550,-2.780,-1.842,29.178
12:05,2519.530,2522.190,2519.000,2520.505,19753,2548.063,2522.835,2525.291,2527.660,2525.807,2528.880,-3.074,-2.088,32.861
12:06,2523.390,2531.250,2522.830,2531.250,25866,2547.984,2523.617,2525.324,2527.753,2526.644,2529.056,-2.412,-2.153,53.093
12:07,2530.250,2530.250,2525.040,2526.000,18580,2547.924,2523.775,2524.886,2527.136,2526.545,2528.830,-2.284,-2.179,45.827
12:08,2525.610,2527.770,2524.100,2527.110,19589,2547.858,2524.795,2524.817,2526.913,2526.632,2528.702,-2.070,-2.158,47.464
12:09,2526.885,2526.885,2525.000,2525.732,10214,2547.823,2526.119,2524.616,2526.408,2526.494,2528.482,-1.989,-2.124,45.621
12:10,2525.415,2525.930,2525.000,2525.470,15505,2547.770,2527.112,2524.648,2525.992,2526.336,2528.259,-1.923,-2.084,45.261
12:11,2525.910,2527.180,2525.505,2526.707,13527,2547.726,2526.204,2525.235,2525.663,2526.393,2528.144,-1.751,-2.017,47.371
12:12,2527.180,2530.640,2525.000,2530.115,22486,2547.660,2527.027,2526.611,2525.710,2526.966,2528.290,-1.324,-1.879,52.775
12:13,2530.980,2532.000,2529.148,2532.000,14379,2547.623,2528.005,2528.048,2526.043,2527.740,2528.565,-0.825,-1.668,55.497
12:14,2531.470,2531.575,2528.910,2528.910,10683,2547.594,2528.640,2527.756,2526.164,2527.920,2528.590,-0.670,-1.468,50.372
12:15,2528.940,2528.940,2521.385,2522.250,23911,2547.509,2527.996,2527.287,2525.936,2527.048,2528.121,-1.073,-1.389,41.481
12:16,2522.240,2523.042,2520.640,2521.231,11256,2547.465,2526.901,2526.552,2525.876,2526.153,2527.610,-1.457,-1.403,40.308
12:17,2521.241,2524.000,2520.250,2520.519,12275,2547.417,2524.982,2525.900,2525.985,2525.286,2527.085,-1.799,-1.482,39.468
12:18,2521.790,2522.000,2518.030,2518.571,18029,2547.341,2522.296,2525.038,2525.836,2524.253,2526.454,-2.201,-1.626,37.188
12:19,2519.000,2519.845,2516.161,2516.825,17887,2547.261,2519.879,2523.803,2524.726,2523.110,2525.741,-2.631,-1.827,35.222
12:20,2516.590,2522.115,2516.170,2518.620,29122,2547.137,2519.153,2522.366,2524.158,2522.420,2525.214,-2.794,-2.020,38.802
12:21,2519.080,2524.480,2517.235,2518.330,25452,2547.034,2518.573,2520.657,2523.483,2521.790,2524.704,-2.913,-2.199,38.433
12:22,2517.035,2523.405,2517.035,2518.025,18458,2546.958,2518.074,2519.296,2522.890,2521.211,2524.209,-2.998,-2.359,38.022
12:23,2518.810,2518.810,2515.000,2515.730,30310,2546.821,2517.506,2518.481,2522.141,2520.368,2523.581,-3.213,-2.530,34.995
12:24,2515.600,2516.981,2512.580,2514.300,25088,2546.701,2517.001,2517.615,2521.187,2519.434,2522.894,-3.459,-2.716,33.221
12:25,2514.045,2517.670,2513.615,2513.690,22971,2546.594,2516.015,2516.761,2519.923,2518.551,2522.212,-3.661,-2.905,32.464
12:26,2512.770,2514.780,2508.340,2508.510,38079,2546.393,2514.051,2515.504,2518.116,2517.006,2521.197,-4.191,-3.162,26.870
12:27,2508.655,2509.370,2507.221,2507.385,19192,2546.285,2511.923,2514.324,2516.460,2515.526,2520.174,-4.648,-3.459,25.829
12:28,2507.080,2511.850,2507.000,2511.410,26396,2546.146,2511.059,2513.423,2515.627,2514.893,2519.525,-4.632,-3.694,35.463
12:29,2511.035,2511.740,2509.000,2509.000,17709,2546.053,2509.999,2512.256,2514.686,2513.986,2518.745,-4.759,-3.907,32.722
12:30,2509.600,2510.216,2508.010,2508.890,16397,2545.965,2509.039,2511.114,2513.791,2513.202,2518.015,-4.813,-4.088,32.598
12:31,2508.438,2508.980,2508.000,2508.350,14768,2545.885,2509.007,2510.192,2513.005,2512.456,2517.299,-4.843,-4.239,31.959
12:32,2508.136,2508.840,2507.000,2507.400,21695,2545.766,2509.010,2509.329,2512.280,2511.678,2516.566,-4.888,-4.369,30.813
12:33,2507.680,2508.580,2505.750,2506.270,21588,2545.645,2507.982,2508.402,2511.330,2510.846,2515.803,-4.957,-4.487,29.462
12:34,2506.602,2507.035,2505.020,2505.330,29768,2545.475,2507.248,2508.004,2510.330,2509.997,2515.027,-5.030,-4.595,28.347
12:35,2505.727,2507.450,2505.460,2507.320,18231,2545.375,2506.934,2507.996,2509.507,2509.585,2514.456,-4.871,-4.650,34.036
12:36,2507.290,2507.730,2505.380,2505.380,16595,2545.282,2506.340,2507.242,2508.710,2508.938,2513.784,-4.846,-4.690,31.417
12:37,2506.335,2506.735,2503.250,2504.255,22938,2545.150,2505.711,2506.649,2507.938,2508.218,2513.078,-4.860,-4.724,29.977
12:38,2503.500,2506.840,2503.500,2504.640,18297,2545.046,2505.385,2506.118,2507.242,2507.667,2512.453,-4.786,-4.736,31.140
12:39,2504.495,2505.800,2503.000,2504.345,13640,2544.968,2505.188,2505.617,2506.921,2507.156,2511.853,-4.696,-4.728,30.719
12:40,2504.270,2505.790,2502.380,2503.130,18866,2544.858,2504.350,2505.084,2506.594,2506.537,2511.206,-4.670,-4.716,28.981
12:41,2502.550,2503.280,2501.520,2501.715,28480,2544.688,2503.617,2504.514,2505.848,2505.795,2510.503,-4.708,-4.715,27.060
12:42,2501.350,2504.210,2501.330,2503.610,34568,2544.487,2503.488,2504.299,2505.433,2505.459,2509.993,-4.534,-4.679,33.422
12:43,2503.244,2503.244,2501.000,2502.950,25891,2544.335,2503.150,2503.753,2504.976,2505.073,2509.471,-4.398,-4.623,32.364
12:44,2502.350,2503.100,2501.250,2501.500,14512,2544.250,2502.581,2503.268,2504.450,2504.523,2508.881,-4.357,-4.570,30.107
12:45,2501.260,2504.500,2501.260,2502.590,17914,2544.147,2502.473,2503.060,2504.080,2504.226,2508.415,-4.189,-4.493,33.842
12:46,2502.685,2503.940,2501.460,2501.460,26157,2543.996,2502.422,2502.662,2503.710,2503.800,2507.899,-4.099,-4.415,31.936
12:47,2502.050,2502.505,2500.309,2500.750,27524,2543.834,2501.850,2502.213,2503.357,2503.331,2507.370,-4.039,-4.339,30.764
12:48,2500.530,2502.000,2500.500,2500.850,24743,2543.689,2501.430,2501.928,2502.860,2502.949,2506.887,-3.938,-4.259,31.148
12:49,2500.750,2502.050,2500.750,2501.091,19038,2543.579,2501.348,2501.850,2502.530,2502.663,2506.458,-3.794,-4.166,32.122
12:50,2501.150,2501.610,2500.000,2500.090,65871,2543.195,2500.848,2501.410,2502.209,2502.267,2505.986,-3.718,-4.077,30.208
12:51,2500.000,2500.090,2494.440,2496.122,117647,2542.469,2499.780,2500.557,2501.554,2501.322,2505.255,-3.933,-4.048,24.082
12:52,2496.170,2498.415,2495.876,2497.419,21331,2542.340,2499.114,2500.046,2501.021,2500.721,2504.675,-3.953,-4.029,29.140
12:53,2497.570,2498.880,2496.980,2497.010,26655,2542.183,2498.346,2499.349,2500.550,2500.150,2504.107,-3.957,-4.015,28.496
12:54,2497.490,2497.629,2496.060,2496.490,20328,2542.060,2497.426,2498.728,2500.148,2499.587,2503.543,-3.955,-4.003,27.658
12:55,2496.510,2499.340,2496.510,2499.105,25839,2541.912,2497.229,2498.522,2499.802,2499.513,2503.214,-3.701,-3.942,37.596
12:56,2498.730,2507.970,2498.730,2506.110,35982,2541.734,2499.227,2499.179,2500.045,2500.528,2503.429,-2.901,-3.734,55.307
12:57,2506.000,2510.680,2505.130,2505.131,72249,2541.408,2500.769,2499.685,2500.324,2501.236,2503.555,-2.318,-3.451,53.041
12:58,2505.731,2506.440,2504.144,2505.410,15115,2541.338,2502.449,2500.350,2500.541,2501.878,2503.692,-1.814,-3.123,53.624
12:59,2505.550,2508.055,2505.550,2507.642,21633,2541.242,2504.680,2501.790,2501.017,2502.765,2503.985,-1.220,-2.743,58.106
13:00,2506.690,2515.000,2506.519,2513.550,27863,2541.136,2507.569,2503.806,2502.001,2504.424,2504.693,-0.269,-2.248,67.154
13:01,2513.040,2513.430,2509.420,2509.889,15573,2541.075,2508.325,2505.416,2502.697,2505.265,2505.078,0.187,-1.761,58.695
13:02,2509.240,2513.000,2508.255,2512.220,16070,2541.014,2509.742,2507.382,2503.553,2506.335,2505.607,0.728,-1.263,61.979
13:03,2512.300,2517.731,2510.630,2516.914,19223,2540.950,2512.043,2509.608,2504.847,2507.963,2506.445,1.518,-0.707,67.570
13:04,2517.880,2518.820,2513.975,2516.935,20183,2540.887,2513.902,2510.961,2506.448,2509.343,2507.222,2.121,-0.141,67.594
13:05,2516.400,2517.460,2513.740,2514.187,22261,2540.814,2514.029,2512.093,2507.738,2510.088,2507.738,2.350,0.357,61.460
13:06,2513.740,2514.070,2512.700,2513.590,13148,2540.769,2514.769,2513.116,2509.013,2510.627,2508.171,2.456,0.777,60.183
13:07,2513.630,2515.155,2511.230,2511.485,17397,2540.707,2514.622,2513.596,2510.167,2510.759,2508.417,2.342,1.090,55.781
13:08,2510.000,2510.000,2507.320,2507.320,15649,2540.642,2512.703,2512.817,2510.799,2510.230,2508.335,1.894,1.251,48.258
13:09,2507.020,2508.950,2507.010,2507.010,11809,2540.593,2510.718,2512.458,2510.868,2509.734,2508.237,1.497,1.300,47.742
13:10,2507.000,2507.000,2505.119,2506.130,12464,2540.539,2509.107,2511.696,2510.945,2509.180,2508.081,1.099,1.260,46.231
13:11,2506.990,2506.990,2505.000,2505.000,12055,2540.486,2507.389,2510.207,2510.913,2508.537,2507.853,0.684,1.145,44.292
13:12,2504.855,2505.380,2503.550,2503.550,11489,2540.434,2505.802,2508.534,2510.598,2507.770,2507.534,0.235,0.963,41.865
13:13,2503.890,2504.570,2503.360,2503.360,9544,2540.390,2505.010,2507.181,2509.815,2507.091,2507.225,-0.134,0.744,41.544
13:14,2503.610,2504.920,2502.310,2504.860,12353,2540.333,2504.580,2506.089,2509.428,2506.748,2507.050,-0.302,0.534,45.123
13:15,2504.200,2511.190,2503.110,2510.860,16161,2540.269,2505.526,2506.011,2509.323,2507.381,2507.332,0.049,0.437,56.577
13:16,2510.350,2512.000,2508.280,2510.777,13831,2540.217,2506.681,2506.443,2508.851,2507.903,2507.587,0.316,0.413,56.401
13:17,2509.690,2510.148,2508.045,2508.260,8378,2540.184,2507.623,2506.600,2508.184,2507.958,2507.637,0.321,0.395,51.217
13:18,2508.580,2509.620,2506.530,2507.230,9810,2540.145,2508.397,2506.737,2507.649,2507.846,2507.607,0.239,0.363,49.223
13:19,2508.010,2508.010,2503.710,2503.840,16887,2540.071,2508.193,2506.592,2506.899,2507.230,2507.328,-0.098,0.271,43.254
13:20,2503.900,2505.320,2502.000,2504.100,12485,2540.015,2506.841,2506.661,2506.331,2506.748,2507.089,-0.341,0.149,43.817
13:21,2505.054,2506.500,2503.865,2503.865,10929,2539.967,2505.459,2506.724,2506.065,2506.305,2506.850,-0.545,0.010,43.398
13:22,2503.878,2504.140,2501.000,2501.550,12094,2539.911,2504.117,2506.310,2505.645,2505.573,2506.457,-0.884,-0.169,39.402
13:23,2501.810,2501.810,2500.100,2500.870,14531,2539.841,2502.845,2505.061,2505.240,2504.850,2506.043,-1.194,-0.374,38.286
13:24,2500.750,2501.230,2500.000,2500.323,26295,2539.713,2502.142,2503.755,2504.880,2504.153,2505.620,-1.467,-0.592,37.371
13:25,2500.490,2500.490,2497.000,2498.340,27862,2539.573,2500.990,2502.515,2504.480,2503.259,2505.081,-1.822,-0.838,34.177
13:26,2497.685,2499.850,2497.456,2499.550,20349,2539.472,2500.127,2501.555,2504.187,2502.688,2504.671,-1.983,-1.067,37.676
13:27,2498.838,2503.220,2498.500,2501.620,21042,2539.373,2500.141,2501.277,2503.937,2502.524,2504.445,-1.921,-1.238,43.236
13:28,2500.940,2500.940,2497.020,2497.285,20331,2539.272,2499.424,2500.425,2502.893,2501.718,2503.915,-2.197,-1.430,35.994
13:29,2497.000,2497.860,2495.000,2497.540,20404,2539.166,2498.867,2499.635,2501.875,2501.075,2503.442,-2.367,-1.617,36.666
13:30,2497.580,2499.190,2497.170,2498.840,13456,2539.100,2498.967,2499.296,2501.150,2500.731,2503.101,-2.370,-1.768,40.118
13:31,2499.440,2502.800,2498.000,2498.750,20355,2539.003,2498.807,2499.031,2500.498,2500.426,2502.779,-2.353,-1.885,39.956
13:32,2499.240,2502.280,2499.020,2500.700,11064,2538.952,2498.623,2499.078,2500.256,2500.469,2502.625,-2.157,-1.939,45.137
13:33,2500.410,2502.410,2500.000,2502.410,13143,2538.893,2499.648,2499.587,2500.126,2500.767,2502.609,-1.842,-1.920,49.270
13:34,2500.780,2500.780,2497.150,2499.491,17579,2538.808,2500.038,2499.580,2499.790,2500.571,2502.378,-1.807,-1.897,43.276
13:35,2499.575,2500.900,2498.000,2500.445,12721,2538.749,2500.359,2499.433,2499.705,2500.552,2502.235,-1.683,-1.854,45.605
13:36,2500.180,2500.710,2498.578,2498.745,10328,2538.700,2500.358,2499.615,2499.541,2500.274,2501.976,-1.703,-1.824,42.274
13:37,2499.320,2503.720,2499.310,2503.000,15922,2538.630,2500.818,2500.298,2499.747,2500.693,2502.052,-1.359,-1.731,51.770
13:38,2503.795,2503.990,2501.000,2501.000,14587,2538.566,2500.536,2500.568,2499.952,2500.740,2501.974,-1.234,-1.632,47.790
13:39,2500.350,2501.005,2498.002,2498.002,16545,2538.488,2500.238,2500.474,2499.833,2500.319,2501.680,-1.361,-1.578,42.516
13:40,2497.702,2499.540,2495.110,2495.650,21155,2538.383,2499.279,2499.843,2499.374,2499.601,2501.233,-1.633,-1.589,38.888
13:41,2496.070,2497.572,2495.389,2496.000,12041,2538.322,2498.731,2499.042,2499.275,2499.047,2500.846,-1.799,-1.631,39.712
13:42,2496.500,2497.725,2496.000,2496.614,15064,2538.248,2497.453,2498.682,2499.204,2498.673,2500.532,-1.860,-1.676,41.210
13:43,2496.390,2497.040,2495.000,2495.540,15636,2538.170,2496.361,2498.069,2498.950,2498.191,2500.163,-1.972,-1.736,39.368
13:44,2495.190,2495.915,2492.080,2494.680,28498,2538.022,2495.697,2497.561,2498.637,2497.650,2499.756,-2.106,-1.810,37.906
13:45,2494.099,2494.930,2492.197,2493.870,13401,2537.952,2495.341,2496.420,2498.111,2497.069,2499.320,-2.251,-1.898,36.530
13:46,2493.110,2494.984,2491.810,2492.120,14667,2537.874,2494.565,2495.310,2497.320,2496.308,2498.787,-2.479,-2.014,33.686
13:47,2492.000,2492.722,2491.060,2491.626,13387,2537.801,2493.567,2494.513,2496.715,2495.587,2498.257,-2.669,-2.145,32.908
13:48,2491.020,2494.720,2491.020,2494.710,13553,2537.731,2493.401,2494.395,2496.274,2495.452,2497.994,-2.542,-2.225,41.934
13:49,2494.139,2494.495,2493.360,2493.380,12468,2537.667,2493.141,2494.068,2495.861,2495.134,2497.652,-2.519,-2.283,39.467
13:50,2493.940,2495.060,2493.360,2494.150,23861,2537.546,2493.197,2493.760,2495.180,2494.982,2497.393,-2.410,-2.309,41.609
13:51,2494.239,2496.465,2493.760,2496.465,11287,2537.490,2494.066,2493.875,2494.831,2495.210,2497.324,-2.114,-2.270,47.609
13:52,2496.706,2496.720,2495.008,2495.735,10216,2537.441,2494.888,2494.007,2494.657,2495.291,2497.206,-1.915,-2.199,46.003
13:53,2495.813,2495.813,2492.840,2494.000,7793,2537.401,2494.746,2494.023,2494.530,2495.092,2496.969,-1.876,-2.134,42.348
13:54,2492.610,2495.000,2492.610,2494.772,10135,2537.350,2495.024,2494.355,2494.436,2495.043,2496.806,-1.763,-2.060,44.463
13:55,2494.265,2494.321,2493.090,2494.000,10978,2537.295,2494.994,2494.652,2494.235,2494.883,2496.598,-1.716,-1.991,42.773
13:56,2493.350,2495.785,2492.758,2495.785,9436,2537.248,2494.858,2494.786,2494.253,2495.021,2496.538,-1.516,-1.896,47.720
13:57,2494.785,2495.720,2494.530,2494.530,6704,2537.215,2494.617,2494.930,2494.242,2494.946,2496.389,-1.443,-1.806,44.788
13:58,2493.220,2493.499,2491.100,2492.404,7874,2537.174,2494.298,2494.711,2494.129,2494.555,2496.094,-1.539,-1.752,40.275
13:59,2492.690,2493.945,2490.150,2490.668,12611,2537.108,2493.477,2493.987,2494.017,2493.957,2495.692,-1.735,-1.749,36.998
14:00,2491.190,2492.610,2490.010,2490.060,13552,2537.036,2492.689,2493.277,2493.897,2493.357,2495.275,-1.918,-1.783,35.895
14:01,2490.050,2490.260,2488.000,2488.020,36922,2536.831,2491.136,2492.530,2493.382,2492.536,2494.738,-2.201,-1.866,32.407
14:02,2488.270,2488.270,2486.560,2486.910,20222,2536.716,2489.612,2491.547,2492.885,2491.671,2494.158,-2.487,-1.991,30.662
14:03,2486.845,2487.050,2485.005,2487.050,19482,2536.603,2488.542,2490.678,2492.338,2490.960,2493.631,-2.671,-2.127,31.165
14:04,2485.950,2486.547,2485.040,2485.590,17262,2536.503,2487.526,2489.404,2491.502,2490.134,2493.036,-2.902,-2.282,28.814
14:05,2485.630,2486.020,2483.300,2483.300,34631,2536.297,2486.174,2488.000,2490.545,2489.082,2492.314,-3.232,-2.472,25.558
14:06,2482.710,2483.390,2480.300,2480.870,21132,2536.166,2484.744,2486.559,2489.535,2487.819,2491.467,-3.648,-2.707,22.635
14:07,2480.970,2483.786,2480.930,2482.979,19654,2536.046,2483.958,2485.597,2488.628,2487.074,2490.838,-3.764,-2.918,30.105
14:08,2482.330,2484.000,2481.920,2482.420,21030,2535.920,2483.032,2484.642,2487.737,2486.358,2490.214,-3.856,-3.106,29.298
14:09,2482.615,2482.615,2475.640,2475.990,40000,2535.659,2481.112,2483.139,2486.215,2484.763,2489.161,-4.398,-3.364,21.990
14:10,2475.940,2476.580,2475.000,2475.500,37036,2535.411,2479.552,2481.712,2484.751,2483.338,2488.149,-4.811,-3.654,21.549
14:11,2475.140,2475.470,2471.780,2472.360,27040,2535.223,2477.850,2479.876,2483.209,2481.649,2486.979,-5.330,-3.989,18.929
14:12,2471.790,2472.610,2468.220,2468.220,30131,2535.003,2474.898,2477.705,2481.482,2479.583,2485.590,-6.007,-4.392,16.142
14:13,2468.805,2469.640,2465.500,2467.000,25247,2534.813,2471.814,2475.667,2479.708,2477.647,2484.213,-6.565,-4.827,15.421
14:14,2465.950,2469.900,2465.500,2469.620,24352,2534.634,2470.540,2474.261,2478.293,2476.412,2483.132,-6.719,-5.206,23.336
14:15,2470.000,2473.550,2469.000,2472.000,26080,2534.453,2469.840,2472.889,2477.146,2475.733,2482.307,-6.574,-5.479,29.766
14:16,2473.420,2477.480,2472.100,2473.900,28254,2534.266,2470.148,2471.824,2476.135,2475.451,2481.684,-6.233,-5.630,34.489
14:17,2474.345,2474.920,2469.001,2469.610,21171,2534.119,2470.426,2471.026,2474.905,2474.553,2480.790,-6.237,-5.751,29.642
14:18,2469.000,2472.686,2467.820,2472.490,31317,2533.903,2471.524,2470.650,2474.074,2474.235,2480.175,-5.940,-5.789,36.132
14:19,2473.260,2476.160,2472.360,2475.350,31588,2533.699,2472.670,2471.024,2473.649,2474.407,2479.818,-5.411,-5.713,41.867
14:20,2475.340,2476.180,2470.600,2470.600,17516,2533.582,2472.390,2471.321,2472.697,2473.821,2479.135,-5.314,-5.634,36.073
14:21,2470.670,2470.810,2468.010,2470.672,19399,2533.448,2471.744,2471.780,2471.793,2473.337,2478.508,-5.171,-5.541,36.217
14:22,2469.062,2469.950,2466.500,2469.132,15331,2533.340,2471.649,2471.719,2471.266,2472.690,2477.814,-5.124,-5.458,34.429
14:23,2467.990,2468.950,2463.331,2465.082,22236,2533.178,2470.167,2470.854,2470.464,2471.519,2476.870,-5.351,-5.436,30.208
14:24,2463.310,2464.210,2460.000,2460.021,28205,2532.959,2467.101,2469.120,2469.515,2469.750,2475.622,-5.872,-5.523,25.928
14:25,2460.700,2463.610,2460.000,2460.295,35566,2532.686,2465.040,2467.955,2468.906,2468.296,2474.487,-6.191,-5.657,26.535
14:26,2460.295,2462.970,2455.550,2455.810,39879,2532.368,2462.068,2465.870,2468.045,2466.375,2473.104,-6.729,-5.871,23.187
14:27,2455.815,2458.330,2455.410,2457.270,23068,2532.182,2459.696,2463.610,2467.095,2464.974,2471.931,-6.957,-6.088,26.441
14:28,2456.898,2457.700,2455.000,2455.598,19040,2532.028,2457.799,2461.735,2465.833,2463.532,2470.721,-7.189,-6.309,25.128
14:29,2455.429,2455.760,2452.510,2452.882,32809,2531.755,2456.371,2459.511,2464.216,2461.893,2469.399,-7.506,-6.548,23.120
14:30,2453.190,2455.435,2452.500,2454.940,28870,2531.519,2455.300,2457.737,2463.088,2460.823,2468.328,-7.505,-6.739,27.827
14:31,2455.370,2458.900,2452.805,2453.640,29901,2531.278,2454.866,2456.307,2461.638,2459.718,2467.240,-7.522,-6.896,26.715
14:32,2453.560,2458.600,2451.120,2456.910,40502,2530.956,2454.794,2455.918,2460.219,2459.286,2466.475,-7.189,-6.955,33.876
14:33,2457.110,2457.955,2451.050,2452.430,24037,2530.762,2454.160,2454.935,2458.822,2458.231,2465.435,-7.203,-7.004,29.607
14:34,2452.610,2453.100,2450.510,2450.510,24041,2530.562,2453.686,2454.272,2457.271,2457.044,2464.329,-7.286,-7.061,27.980
14:35,2450.310,2454.390,2450.150,2451.885,19847,2530.400,2453.075,2453.599,2455.944,2456.250,2463.407,-7.157,-7.080,30.909
14:36,2451.415,2451.550,2444.010,2444.470,57812,2529.898,2451.241,2452.208,2454.359,2454.438,2462.005,-7.567,-7.177,25.004
14:37,2443.000,2444.780,2440.010,2441.935,30323,2529.624,2448.246,2450.840,2452.967,2452.514,2460.518,-8.004,-7.343,23.361
14:38,2442.264,2442.610,2437.312,2439.411,36896,2529.283,2445.642,2448.899,2451.361,2450.498,2458.955,-8.456,-7.565,21.823
14:39,2438.575,2439.290,2435.000,2435.000,29609,2529.000,2442.540,2446.569,2449.760,2448.114,2457.180,-9.066,-7.866,19.418
14:40,2435.000,2446.000,2435.000,2439.850,44966,2528.593,2440.133,2444.436,2448.420,2446.843,2455.896,-9.054,-8.103,28.721
14:41,2440.920,2446.200,2440.920,2441.930,36974,2528.271,2439.625,2443.124,2447.369,2446.087,2454.862,-8.775,-8.238,32.329
14:42,2442.065,2442.065,2436.750,2440.180,22261,2528.071,2439.274,2441.833,2446.392,2445.178,2453.774,-8.596,-8.309,30.911
14:43,2439.690,2443.000,2436.670,2441.765,21123,2527.883,2439.745,2440.568,2445.378,2444.653,2452.885,-8.232,-8.294,33.746
14:44,2441.500,2444.000,2439.580,2443.999,22899,2527.686,2441.545,2440.509,2444.637,2444.552,2452.227,-7.674,-8.170,37.630
14:45,2442.800,2444.380,2438.765,2439.114,22101,2527.492,2441.398,2440.156,2443.268,2443.716,2451.255,-7.540,-8.044,33.065
14:46,2439.495,2444.990,2439.495,2440.000,20066,2527.319,2441.012,2440.230,2442.311,2443.144,2450.422,-7.277,-7.891,34.615
14:47,2440.000,2440.000,2435.468,2436.460,16912,2527.166,2440.268,2440.412,2441.231,2442.116,2449.387,-7.272,-7.767,31.480
14:48,2436.000,2436.810,2432.500,2436.070,30352,2526.886,2439.129,2439.940,2440.014,2441.186,2448.401,-7.215,-7.656,31.145
14:49,2436.495,2441.775,2436.495,2439.310,26916,2526.650,2438.191,2439.612,2439.617,2440.897,2447.727,-6.830,-7.491,37.125
14:50,2439.835,2442.000,2436.089,2438.060,15722,2526.512,2437.980,2439.347,2439.319,2440.461,2447.011,-6.551,-7.303,35.832
14:51,2438.093,2444.950,2438.093,2443.010,31636,2526.246,2438.582,2439.503,2439.596,2440.853,2446.715,-5.862,-7.015,44.130
14:52,2442.360,2445.250,2442.105,2444.497,16804,2526.109,2440.189,2439.565,2440.327,2441.414,2446.551,-5.137,-6.639,46.374
14:53,2444.020,2444.020,2436.890,2438.494,21477,2525.926,2440.674,2439.488,2440.222,2440.964,2445.954,-4.990,-6.309,39.482
14:54,2438.000,2441.070,2437.850,2439.035,12953,2525.815,2440.619,2439.367,2440.000,2440.668,2445.441,-4.774,-6.002,40.342
14:55,2438.385,2439.810,2437.160,2439.810,13115,2525.702,2440.969,2439.786,2439.971,2440.536,2445.024,-4.489,-5.700,41.622
14:56,2441.650,2442.110,2438.635,2439.700,15397,2525.572,2440.307,2440.240,2439.812,2440.407,2444.630,-4.223,-5.404,41.486
14:57,2439.700,2445.715,2439.360,2444.626,36590,2525.276,2440.333,2440.904,2439.860,2441.056,2444.630,-3.573,-5.038,49.457
14:58,2444.640,2448.570,2444.640,2448.431,31343,2525.036,2442.320,2442.200,2440.577,2442.191,2444.911,-2.720,-4.575,54.602
14:59,2448.000,2452.676,2448.000,2452.495,37852,2524.763,2445.012,2443.386,2441.538,2443.776,2445.473,-1.697,-3.999,59.361
15:00,2451.421,2452.400,2445.021,2448.490,25375,2524.575,2446.748,2443.885,2442.464,2444.501,2445.696,-1.195,-3.438,53.419
15:01,2449.045,2452.160,2445.720,2452.160,21976,2524.416,2449.240,2445.593,2443.701,2445.679,2446.175,-0.496,-2.850,57.606
15:02,2451.916,2455.000,2451.695,2454.720,26388,2524.235,2451.259,2447.554,2444.887,2447.070,2446.808,0.262,-2.227,60.288
15:03,2454.720,2458.990,2453.344,2457.257,39580,2523.976,2453.024,2449.735,2446.363,2448.637,2447.582,1.055,-1.571,62.800
15:04,2457.315,2459.950,2453.700,2453.700,31366,2523.770,2453.265,2451.485,2447.186,2449.416,2448.035,1.381,-0.980,57.326
15:05,2453.770,2453.770,2447.995,2450.176,23516,2523.605,2453.603,2452.179,2447.623,2449.533,2448.194,1.339,-0.516,52.448
15:06,2450.142,2452.950,2449.470,2451.321,14952,2523.502,2453.435,2452.540,2448.609,2449.808,2448.426,1.383,-0.137,53.823
15:07,2451.815,2452.984,2450.261,2450.775,18910,2523.371,2452.646,2452.325,2449.512,2449.957,2448.600,1.357,0.162,53.035
15:08,2450.635,2453.500,2449.450,2453.500,16930,2523.256,2451.895,2452.951,2450.565,2450.502,2448.963,1.540,0.438,56.459
15:09,2453.055,2453.500,2451.510,2453.310,14294,2523.159,2451.816,2453.095,2451.612,2450.934,2449.285,1.649,0.680,56.151
15:10,2451.510,2452.980,2450.210,2450.310,15728,2523.052,2451.843,2452.544,2452.050,2450.838,2449.361,1.478,0.840,51.394
15:11,2451.670,2457.975,2451.430,2457.165,28129,2522.871,2453.012,2452.532,2452.721,2451.811,2449.939,1.873,1.046,59.780
15:12,2456.666,2458.000,2451.960,2452.400,29663,2522.678,2453.337,2452.370,2452.714,2451.902,2450.121,1.781,1.193,52.942
15:13,2452.190,2452.780,2448.335,2449.090,28270,2522.484,2452.455,2452.234,2452.760,2451.469,2450.045,1.425,1.239,48.769
15:14,2448.905,2450.886,2448.000,2449.753,15194,2522.379,2451.744,2452.038,2452.575,2451.205,2450.023,1.182,1.228,49.626
15:15,2450.705,2460.950,2450.380,2460.950,29914,2522.196,2453.872,2453.310,2453.054,2452.704,2450.832,1.872,1.357,61.372
15:16,2460.470,2465.000,2460.215,2462.590,29012,2522.034,2454.957,2454.446,2453.465,2454.225,2451.703,2.522,1.590,62.742
15:17,2462.290,2467.990,2457.890,2467.890,35827,2521.841,2458.055,2456.269,2454.556,2456.328,2452.902,3.425,1.957,66.836
15:18,2467.870,2472.048,2465.611,2469.652,45040,2521.620,2462.167,2458.686,2456.054,2458.377,2454.143,4.234,2.412,68.092
15:19,2469.680,2469.957,2465.985,2469.075,31090,2521.466,2466.031,2460.175,2457.420,2460.023,2455.249,4.774,2.885,67.195
15:20,2469.074,2472.700,2468.690,2471.380,35439,2521.300,2468.117,2462.547,2459.005,2461.770,2456.444,5.326,3.373,68.954
15:21,2471.350,2472.150,2466.590,2469.165,27261,2521.170,2469.432,2465.057,2460.210,2462.908,2457.386,5.522,3.803,65.328
15:22,2468.630,2470.720,2464.000,2470.190,32103,2521.013,2469.892,2467.611,2461.508,2464.028,2458.335,5.694,4.181,66.214
15:23,2469.884,2476.000,2469.670,2475.309,32562,2520.872,2471.024,2469.406,2463.431,2465.764,2459.592,6.172,4.579,70.294
15:24,2474.710,2485.000,2474.710,2479.475,51821,2520.677,2473.104,2471.517,2465.148,2467.873,2461.065,6.808,5.025,73.137
15:25,2480.000,2490.000,2479.440,2486.000,54083,2520.502,2476.028,2473.781,2467.732,2470.662,2462.912,7.750,5.570,76.871
15:26,2484.887,2486.000,2480.100,2481.283,37464,2520.373,2478.451,2475.235,2470.209,2472.296,2464.273,8.023,6.061,69.365
15:27,2481.240,2481.240,2469.029,2469.535,58648,2520.124,2478.320,2475.292,2471.730,2471.871,2464.663,7.209,6.290,54.968
15:28,2469.220,2470.910,2463.152,2465.348,31788,2519.971,2476.328,2474.538,2472.069,2470.868,2464.713,6.154,6.263,50.913
15:29,2466.080,2466.720,2456.975,2457.380,33363,2519.793,2471.909,2473.065,2471.668,2468.793,2464.170,4.623,5.935,44.225
15:30,2455.810,2463.660,2455.810,2461.005,36614,2519.597,2466.910,2471.917,2471.138,2467.595,2463.936,3.659,5.480,47.597
15:31,2462.113,2465.465,2461.341,2465.240,21629,2519.490,2463.702,2470.658,2470.799,2467.232,2464.032,3.200,5.024,51.302
15:32,2464.890,2467.470,2462.000,2467.376,31457,2519.340,2463.270,2469.146,2470.668,2467.254,2464.280,2.974,4.614,53.103
15:33,2467.630,2471.800,2467.360,2471.790,23811,2519.236,2464.558,2467.370,2470.700,2467.952,2464.836,3.116,4.314,56.669
15:34,2471.690,2472.990,2468.220,2468.220,29394,2519.108,2466.726,2465.737,2470.627,2467.993,2465.087,2.906,4.033,53.149
15:35,2468.220,2468.220,2465.930,2466.575,13715,2519.044,2467.840,2465.367,2470.349,2467.775,2465.197,2.578,3.742,51.559
15:36,2466.645,2470.150,2465.166,2469.215,33500,2518.894,2468.635,2465.850,2469.880,2467.997,2465.495,2.502,3.494,53.940
15:37,2468.485,2476.470,2466.480,2472.379,32512,2518.760,2469.636,2467.725,2469.334,2468.671,2466.005,2.666,3.328,56.687
15:38,2473.660,2479.000,2470.739,2476.675,32808,2518.635,2470.613,2469.684,2468.617,2469.902,2466.795,3.107,3.284,60.161
15:39,2475.957,2481.705,2475.720,2478.525,37757,2518.503,2472.674,2471.344,2468.405,2471.229,2467.664,3.565,3.340,61.590
15:40,2478.830,2481.030,2477.690,2480.566,32995,2518.392,2475.472,2472.993,2469.253,2472.665,2468.620,4.046,3.481,63.160
15:41,2479.609,2479.609,2473.510,2474.320,29646,2518.282,2476.493,2473.309,2469.944,2472.920,2469.042,3.878,3.561,55.662
15:42,2473.335,2473.335,2467.445,2467.445,22049,2518.189,2475.506,2473.212,2470.718,2472.078,2468.924,3.154,3.479,48.796
15:43,2467.220,2471.060,2467.220,2469.380,28440,2518.069,2474.047,2473.563,2471.362,2471.663,2468.957,2.705,3.324,50.642
15:44,2469.195,2469.195,2464.070,2464.070,28682,2517.939,2471.156,2472.920,2471.272,2470.495,2468.595,1.899,3.039,45.767
15:45,2464.130,2465.630,2462.660,2462.727,36589,2517.769,2467.588,2471.714,2470.914,2469.300,2468.161,1.139,2.659,44.598
15:46,2462.600,2464.070,2457.010,2457.415,41888,2517.560,2464.207,2469.306,2469.809,2467.471,2467.365,0.106,2.149,40.221
15:47,2457.318,2457.318,2451.010,2451.535,36800,2517.358,2461.025,2465.932,2468.525,2465.019,2466.192,-1.173,1.484,36.008
15:48,2451.890,2458.600,2451.450,2457.960,46596,2517.114,2458.741,2463.107,2467.862,2463.933,2465.582,-1.649,0.858,43.030
15:49,2457.890,2458.200,2455.010,2457.085,36637,2516.927,2457.344,2460.952,2466.929,2462.880,2464.953,-2.073,0.272,42.348
15:50,2456.520,2456.520,2452.050,2455.015,48585,2516.671,2455.802,2459.398,2465.594,2461.670,2464.217,-2.547,-0.292,40.706
15:51,2456.000,2468.830,2454.420,2462.910,59937,2516.396,2456.901,2458.590,2464.535,2461.861,2464.120,-2.259,-0.686,48.854
15:52,2463.270,2470.790,2462.910,2470.790,42050,2516.226,2460.752,2459.430,2463.940,2463.234,2464.614,-1.380,-0.824,55.436
15:53,2470.030,2484.590,2470.030,2482.275,81723,2515.973,2465.615,2461.873,2464.071,2466.164,2465.922,0.241,-0.611,62.925
15:54,2481.570,2481.930,2475.000,2481.680,65213,2515.776,2470.534,2464.906,2464.637,2468.551,2467.090,1.461,-0.197,62.341
15:55,2481.650,2489.860,2480.000,2484.468,82286,2515.567,2476.425,2469.023,2465.947,2471.000,2468.377,2.623,0.367,64.027
15:56,2483.820,2485.635,2477.640,2478.690,69991,2515.367,2479.581,2471.614,2466.663,2472.183,2469.141,3.042,0.902,58.210
15:57,2478.930,2478.990,2474.010,2474.505,79004,2515.114,2480.324,2473.792,2467.466,2472.540,2469.538,3.002,1.322,54.358
15:58,2474.090,2477.580,2470.640,2476.860,78459,2514.860,2479.241,2476.522,2468.553,2473.205,2470.080,3.124,1.682,56.118
15:59,2476.920,2487.740,2474.180,2485.630,120475,2514.549,2480.031,2479.362,2470.723,2475.116,2471.232,3.884,2.123,61.995
16:00,2485.630,2485.630,2477.210,2481.000,551739,2513.145,2479.337,2480.638,2472.990,2476.021,2471.956,4.066,2.511,57.608
